2 0.9693359136581421 0.5682430267333984 0.060184478759765625 0.31572243571281433
2 0.6694308519363403 0.6386345624923706 0.207502543926239 0.3764265477657318
2 0.3336157202720642 0.5014192461967468 0.07846225053071976 0.17094840109348297
2 0.5331051349639893 0.5792015790939331 0.11848926544189453 0.29364365339279175
1 0.7552576661109924 0.6677243113517761 0.0460798554122448 0.0602232851088047
2 0.4480588138103485 0.5029792785644531 0.05051737651228905 0.1778632253408432
3 0.5449817180633545 0.2943706214427948 0.041530791670084 0.05403410643339157
2 0.5806946158409119 0.5458891987800598 0.059893496334552765 0.30166804790496826
2 0.9210866689682007 0.5363253951072693 0.05362715944647789 0.24345482885837555
2 0.49170178174972534 0.5111097693443298 0.04859087988734245 0.20479829609394073
