2 0.13579823076725006 0.6942815184593201 0.08013153076171875 0.22902260720729828
2 0.8537048697471619 0.6811303496360779 0.11434577405452728 0.43133530020713806
2 0.7048474550247192 0.701722264289856 0.07059133797883987 0.2347627431154251
2 0.31906217336654663 0.6378911733627319 0.12032002955675125 0.4638442397117615
1 0.5293625593185425 0.7057244777679443 0.03249799460172653 0.04837828502058983
1 0.7748440504074097 0.6176294088363647 0.039188679307699203 0.05276723951101303
2 0.3991333842277527 0.6920179724693298 0.055359289050102234 0.23380646109580994
1 0.12482406198978424 0.6596509218215942 0.034793514758348465 0.03731977194547653
2 0.5067291259765625 0.705643892288208 0.07218063622713089 0.21960240602493286
2 0.6085748076438904 0.6976518034934998 0.0540919303894043 0.1420951932668686
1 0.5140531063079834 0.7063255310058594 0.05915176123380661 0.15564873814582825
2 0.7787793278694153 0.7101671695709229 0.05944501608610153 0.211986243724823
