3 0.6174973845481873 0.16189424693584442 0.10917608439922333 0.23903971910476685
1 0.054885704070329666 0.11839897930622101 0.04122675210237503 0.062168367207050323
3 0.0683794692158699 0.5952978730201721 0.10070200264453888 0.18491370975971222
3 0.2274726927280426 0.04099583253264427 0.07418625056743622 0.08199166506528854
2 0.8158427476882935 0.7658169269561768 0.09149991720914841 0.46836626529693604
3 0.8427100777626038 0.5459176301956177 0.05874362215399742 0.09271581470966339
2 0.4881647527217865 0.46237584948539734 0.3015516698360443 0.5195971131324768
2 0.8557144999504089 0.2392284870147705 0.20498612523078918 0.478456974029541
1 0.8005707859992981 0.21135209500789642 0.0539800189435482 0.08719313889741898
2 0.1765643209218979 0.24539324641227722 0.21974976360797882 0.470486044883728
