1 0.44438332319259644 0.6182896494865417 0.0448993518948555 0.07976550608873367
2 0.9205954670906067 0.5708754062652588 0.06618976593017578 0.30908477306365967
2 0.7652873992919922 0.5928361415863037 0.06047380715608597 0.34805217385292053
2 0.4311496913433075 0.4689690172672272 0.06717817485332489 0.25289857387542725
2 0.3021567463874817 0.6331587433815002 0.07248289883136749 0.3824146091938019
3 0.4696219563484192 0.11133547872304916 0.10973024368286133 0.1365579515695572
2 0.5274703502655029 0.7598508596420288 0.11422384530305862 0.47393983602523804
2 0.35826927423477173 0.7088147401809692 0.12382625043392181 0.5254448652267456
2 0.6574541926383972 0.7197949886322021 0.11739877611398697 0.49937936663627625
2 0.5420755743980408 0.43673399090766907 0.05130213871598244 0.17659418284893036
2 0.3395994007587433 0.3506520986557007 0.019790062680840492 0.09222730994224548
