2 0.1149587631225586 0.7771704792976379 0.07263617217540741 0.43279844522476196
2 0.04254778102040291 0.7683430910110474 0.08393097668886185 0.45253923535346985
2 0.4154402017593384 0.7583272457122803 0.15885217487812042 0.48334550857543945
2 0.8513568043708801 0.760642409324646 0.10391580313444138 0.44126400351524353
2 0.602593719959259 0.7071028351783752 0.05968504771590233 0.2469540387392044
2 0.6836697459220886 0.7263758778572083 0.0790010616183281 0.3226622939109802
2 0.7589930295944214 0.7545222043991089 0.0779380053281784 0.42815202474594116
2 0.2394219934940338 0.7750581502914429 0.1256764829158783 0.44549161195755005
2 0.9503722786903381 0.7673013210296631 0.09579431265592575 0.4500148594379425
2 0.1961245834827423 0.7713561654090881 0.07961003482341766 0.42402198910713196
1 0.4651927351951599 0.5022663474082947 0.03731166571378708 0.054427988827228546
2 0.4935488998889923 0.731289803981781 0.07839357107877731 0.4508270025253296
3 0.4809889495372772 0.36666548252105713 0.06449233740568161 0.06137734279036522
