3 0.3173834979534149 0.20711825788021088 0.09261965751647949 0.10131115466356277
1 0.31727519631385803 0.29325053095817566 0.042335785925388336 0.06536459922790527
2 0.4396531879901886 0.7629112005233765 0.0950160026550293 0.4580795168876648
2 0.8597854971885681 0.7878940105438232 0.08277284353971481 0.4242119789123535
2 0.7703260183334351 0.7859306335449219 0.11889633536338806 0.4281386733055115
2 0.5723440051078796 0.7720949649810791 0.1101515144109726 0.4459969401359558
2 0.26948443055152893 0.7593024373054504 0.10849105566740036 0.4813951849937439
2 0.3632059395313263 0.7658604979515076 0.07309751957654953 0.4441949129104614
2 0.0426364541053772 0.7746210694313049 0.0852729082107544 0.4162435829639435
2 0.7016894817352295 0.7125924825668335 0.05544567108154297 0.25315725803375244
2 0.22391453385353088 0.7345397472381592 0.07399929314851761 0.4029499888420105
3 0.7492630481719971 0.4839884638786316 0.03648126870393753 0.050891801714897156
