2 0.26479455828666687 0.6167697906494141 0.1014305055141449 0.4423406422138214
2 0.7051782608032227 0.6085108518600464 0.129531130194664 0.33432990312576294
2 0.7972601652145386 0.5654677748680115 0.08385526388883591 0.3099457621574402
2 0.9698991179466248 0.5615698099136353 0.05887757986783981 0.277167946100235
2 0.4784795343875885 0.5614882111549377 0.09210138767957687 0.4134041666984558
2 0.6383184194564819 0.5757719278335571 0.07211975008249283 0.2677069902420044
2 0.35344451665878296 0.5923641920089722 0.09548768401145935 0.35661405324935913
2 0.5752028822898865 0.5725231766700745 0.06369667500257492 0.27110815048217773
1 0.5131311416625977 0.3668728172779083 0.036032676696777344 0.05212152749300003
3 0.34942060708999634 0.2358143925666809 0.054878491908311844 0.04397445544600487
2 0.5207476615905762 0.5678307414054871 0.11678732186555862 0.33532315492630005
