2 0.830855131149292 0.7552986145019531 0.14273761212825775 0.4894028306007385
2 0.6490151286125183 0.6959431767463684 0.10266773402690887 0.25759008526802063
2 0.4447746276855469 0.7352025508880615 0.11859912425279617 0.42279407382011414
3 0.22697679698467255 0.4004811644554138 0.059607360512018204 0.08866196125745773
2 0.934088408946991 0.7180677056312561 0.10658323019742966 0.24394406378269196
1 0.4494495987892151 0.4198671579360962 0.028323723003268242 0.03934915363788605
2 0.09845983982086182 0.675180196762085 0.04312698543071747 0.2106061726808548
2 0.05424272641539574 0.6687793731689453 0.044985853135585785 0.2097291201353073
2 0.1534334421157837 0.6728233695030212 0.05736198648810387 0.2078542709350586
2 0.010617734864354134 0.6302270293235779 0.021235469728708267 0.2912276089191437
