2 0.433592826128006 0.7081562876701355 0.07009748369455338 0.2720673680305481
2 0.5416784286499023 0.7078338265419006 0.0640895888209343 0.2835163474082947
2 0.7048091888427734 0.7177188396453857 0.08831662684679031 0.35297244787216187
2 0.2038768082857132 0.7078615427017212 0.05638936907052994 0.2906520962715149
2 0.02996000647544861 0.7131001353263855 0.05992001295089722 0.3096376061439514
1 0.5941088199615479 0.1579335480928421 0.03929680958390236 0.055618204176425934
2 0.3701948821544647 0.70973140001297 0.052175961434841156 0.27443593740463257
2 0.29034483432769775 0.7188964486122131 0.04811704903841019 0.29165157675743103
2 0.15748398005962372 0.7121137380599976 0.05513755977153778 0.2835681140422821
2 0.09689076244831085 0.7106578350067139 0.07134167104959488 0.28340765833854675
3 0.5759016275405884 0.2677750587463379 0.0656743049621582 0.08182115107774734
