2 0.3871040344238281 0.6222285032272339 0.07208152860403061 0.20051060616970062
2 0.2206490933895111 0.6254809498786926 0.08148164302110672 0.19119518995285034
2 0.6247351169586182 0.6138563752174377 0.0747348740696907 0.15114882588386536
2 0.5050573945045471 0.5913084745407104 0.07002727687358856 0.3036308288574219
2 0.2960065007209778 0.6178578734397888 0.06440142542123795 0.2123328298330307
2 0.853356122970581 0.584051251411438 0.03744565695524216 0.12568283081054688
3 0.2989175617694855 0.42563116550445557 0.03208864480257034 0.04413146153092384
2 0.8998008370399475 0.5865463614463806 0.03849565237760544 0.13036185503005981
1 0.47509273886680603 0.3919137716293335 0.02747994288802147 0.034291524440050125
2 0.5580247640609741 0.6123762130737305 0.06254709511995316 0.16771374642848969
