2 0.48495185375213623 0.7360678911209106 0.10197477787733078 0.3577474057674408
2 0.2515485882759094 0.683148980140686 0.13209739327430725 0.2830646336078644
3 0.5633487701416016 0.35442492365837097 0.057797543704509735 0.09341507405042648
2 0.36880287528038025 0.8541378378868103 0.10967133939266205 0.2917243540287018
2 0.8723763823509216 0.7142749428749084 0.07995055615901947 0.3616902530193329
2 0.6799488067626953 0.6910619139671326 0.08690034598112106 0.3639788329601288
2 0.24125728011131287 0.38318806886672974 0.0565422847867012 0.18285441398620605
2 0.06481367349624634 0.49088919162750244 0.07932659983634949 0.18566884100437164
2 0.9683182835578918 0.8140137791633606 0.062221527099609375 0.3719412088394165
1 0.6857808232307434 0.38452574610710144 0.031693678349256516 0.04161401838064194
