3 0.510788083076477 0.3531537652015686 0.34815117716789246 0.2644541263580322
1 0.0346645824611187 0.9440221190452576 0.06759069859981537 0.10503365099430084
1 0.6110767722129822 0.9499698281288147 0.15159937739372253 0.09793699532747269
1 0.919655442237854 0.952754557132721 0.1430591493844986 0.0944133922457695
1 0.30888721346855164 0.9499891996383667 0.14610245823860168 0.09710803627967834
1 0.7668193578720093 0.9514603018760681 0.15201450884342194 0.09643150866031647
1 0.23387238383293152 0.8581858277320862 0.14726218581199646 0.08991336822509766
1 0.6829716563224792 0.8693061470985413 0.14826275408267975 0.09500833600759506
1 0.08048903197050095 0.8580062389373779 0.14564143121242523 0.0931692123413086
1 0.4625459909439087 0.9499194622039795 0.15682275593280792 0.100161112844944
1 0.3805840313434601 0.8634501099586487 0.14877846837043762 0.09566453844308853
1 0.15039680898189545 0.9473975896835327 0.15357241034507751 0.09710180014371872
1 0.381473183631897 0.5615778565406799 0.1370588093996048 0.09116954356431961
