3 0.2466571182012558 0.4966387450695038 0.07590174674987793 0.0957806259393692
2 0.4398422837257385 0.782721757888794 0.07711531221866608 0.3680041432380676
2 0.883540689945221 0.7658990621566772 0.10212171822786331 0.31813162565231323
1 0.8711404800415039 0.7207922339439392 0.05191289633512497 0.06542425602674484
3 0.5884513258934021 0.49072325229644775 0.05931146442890167 0.07868564873933792
2 0.7858879566192627 0.7153775095939636 0.09552493691444397 0.27242693305015564
2 0.6328045725822449 0.7557703256607056 0.09306489676237106 0.3680014908313751
2 0.36825963854789734 0.7727858424186707 0.0791422426700592 0.3538271486759186
1 0.26142725348472595 0.23517444729804993 0.03966188430786133 0.0550236701965332
2 0.29721006751060486 0.7658050060272217 0.09521149098873138 0.3387809991836548
2 0.8733237385749817 0.7309128046035767 0.06058788299560547 0.10637121647596359
