1 0.35318705439567566 0.8234755992889404 0.05029726028442383 0.07412206381559372
1 0.26370906829833984 0.807422399520874 0.048277948051691055 0.06629884988069534
1 0.19990435242652893 0.7988115549087524 0.0412377193570137 0.06637044996023178
2 0.8233837485313416 0.6208778023719788 0.09803353995084763 0.4438367187976837
3 0.25696060061454773 0.24518854916095734 0.06957440823316574 0.12158412486314774
1 0.47398093342781067 0.3594241440296173 0.03567703068256378 0.0551544688642025
2 0.4963594973087311 0.5853022933006287 0.10576505213975906 0.4118468463420868
2 0.07533213496208191 0.6402882933616638 0.13115015625953674 0.46075373888015747
2 0.40826019644737244 0.6123355627059937 0.1035761833190918 0.5010853409767151
2 0.26059019565582275 0.6076100468635559 0.051393840461969376 0.2514738440513611
2 0.9072781801223755 0.6198959350585938 0.10162925720214844 0.45338961482048035
